{
    "silhouette": [
        [
            0.0,
            0.2982177774871173,
            0.5532178547805713,
            0.8048992743294742,
            1.0120122336461397,
            1.220111090277827,
            1.4338115096607775,
            1.7025088299029172,
            1.963175669334163,
            2.241033976125753,
            2.546337276526255,
            2.873793164143176,
            3.1392180152907634,
            3.340477688875922,
            3.522990499335484,
            3.6505594707867783,
            3.7633958951560182,
            3.8435444943801715,
            3.870249718130777,
            3.846775301746954,
            3.770147871185878,
            3.6590226772277656,
            3.5314534430112134,
            3.349290611796872,
            3.1505362714037344,
            2.8877344776303144,
            2.564567812377916,
            2.2643958449133956,
            1.9918414204958261,
            1.7370203947219374,
            1.4725683992663863,
            1.256354323173043,
            1.0424569580687548,
            0.8244511253551886,
            0.5628803560213832,
            0.30180475021350606
        ],
        [
            0.2982177774871173,
            0.0,
            0.25780430980360475,
            0.5182481816668533,
            0.7442214004580222,
            0.979268983363251,
            1.2206288127568676,
            1.5201400454654315,
            1.8064694585693084,
            2.1063918839704177,
            2.432411644304498,
            2.7795601787109594,
            3.0610532921467684,
            3.2753969659848257,
            3.4712326045600497,
            3.6093664264274503,
            3.7330718747546747,
            3.8255650243150243,
            3.8683798395309106,
            3.86129694451961,
            3.7976770145687384,
            3.6983316924033796,
            3.582323473073629,
            3.41500370055712,
            3.2309291734047414,
            2.9866149177343613,
            2.6862067913435457,
            2.4097794372501395,
            2.161538985296888,
            1.9335504224630289,
            1.6991577852046431,
            1.5075409865034393,
            1.315597834039009,
            1.1122779736068624,
            0.8578987821657387,
            0.5994450333247808
        ],
        [
            0.5532178547805713,
            0.25780430980360475,
            0.0,
            0.26604074476469886,
            0.5079531559766115,
            0.7653767918395225,
            1.0282347317509684,
            1.3504956218707456,
            1.6552419608042368,
            1.9705906355458502,
            2.311067861340528,
            2.672111325553876,
            2.965298893678344,
            3.189445212900487,
            3.395522736059454,
            3.5419425525333423,
            3.674318705060696,
            3.7769424784380887,
            3.833398161809153,
            3.8404814806776106,
            3.7884194981546417,
            3.699789219048131,
            3.5944424116430658,
            3.440995582638239,
            3.270859032325245,
            3.0443523035006543,
            2.766139434207462,
            2.512821780581178,
            2.2880699697986695,
            2.0855325260250677,
            1.879289124974162,
            1.7105802299364474,
            1.5393769208823163,
            1.3510248749095923,
            1.1055917681343208,
            0.8518213142744706
        ],
        [
            0.8048992743294742,
            0.5182481816668533,
            0.26604074476469886,
            0.0,
            0.2539964941914806,
            0.5287744942046038,
            0.8075110891481767,
            1.1462441718665453,
            1.4643878032567805,
            1.7908574103418509,
            2.141964310828995,
            2.513545901570477,
            2.8160658359059165,
            3.0483676555954258,
            3.263265417757496,
            3.4170103459538472,
            3.5572201592476715,
            3.6693042647027068,
            3.738964023814452,
            3.7601165871631785,
            3.7198984277687837,
            3.6425371734278835,
            3.548596272035803,
            3.410251310178482,
            3.2555906782105084,
            3.0492408484469675,
            2.796638494554617,
            2.5702246367245833,
            2.3729636420495246,
            2.20017743166934,
            2.027091609613048,
            1.885849133765489,
            1.7404120172371496,
            1.572214583703076,
            1.3408550593263477,
            1.0961607064501848
        ],
        [
            1.0120122336461397,
            0.7442214004580222,
            0.5079531559766115,
            0.2539964941914806,
            0.0,
            0.2800249852343149,
            0.5646216843456269,
            0.9101784276310144,
            1.234413243706894,
            1.5660998802669672,
            1.922502622830995,
            2.299688805600954,
            2.607592103284088,
            2.844896511206869,
            3.0654805772755727,
            3.2241329677856174,
            3.369762168354767,
            3.4886832630993645,
            3.568361034786604,
            3.600631099013452,
            3.5701879963940186,
            3.5024701499754576,
            3.418562107490438,
            3.293892304639124,
            3.1537038370759976,
            2.966835989732745,
            2.73989175775546,
            2.5411939029905946,
            2.372924868662538,
            2.232050048147246,
            2.095434309102101,
            1.9853911102452904,
            1.8705081531287955,
            1.7280762615652097,
            1.5172284061573333,
            1.2879809438633432
        ],
        [
            1.220111090277827,
            0.979268983363251,
            0.7653767918395225,
            0.5287744942046038,
            0.2800249852343149,
            0.0,
            0.2861892868693748,
            0.6344195263416081,
            0.9615316271875415,
            1.2958226996628703,
            1.6551035232698226,
            2.03559546993084,
            2.3469811803314586,
            2.587743602525899,
            2.8124714692889277,
            2.974848499662804,
            3.124731840543008,
            3.2492614195826133,
            3.33757220334842,
            3.3798373370095867,
            3.358568837629956,
            3.300229165990239,
            3.2263490257032257,
            3.1157406374211116,
            2.990891450822675,
            2.825301275789136,
            2.6272475818976555,
            2.460384387895147,
            2.3258122454474703,
            2.2220743984091573,
            2.1279959157130945,
            2.054459262656708,
            1.9755954874136856,
            1.8644457674541566,
            1.6803729170381525,
            1.472900191126101
        ],
        [
            1.4338115096607775,
            1.2206288127568676,
            1.0282347317509684,
            0.8075110891481767,
            0.5646216843456269,
            0.2861892868693748,
            0.0,
            0.3491565250869417,
            0.6776666946737128,
            1.0132981514243626,
            1.374222841539774,
            1.75678087911817,
            2.0705621052980727,
            2.3138614677451024,
            2.5417834984309744,
            2.707139235757649,
            2.860527564408641,
            2.989862262760991,
            3.085895686789696,
            3.1374257461871866,
            3.12497404103937,
            3.075916538707261,
            3.012181372760569,
            2.916112520118093,
            2.8074848961150747,
            2.6648613290183323,
            2.498539512082266,
            2.3667813286034867,
            2.269150556624308,
            2.2054027610640667,
            2.156250472550408,
            2.1205710162234648,
            2.07856747934298,
            1.9996355638484133,
            1.8442356382024652,
            1.660799458843291
        ],
        [
            1.7025088299029172,
            1.5201400454654315,
            1.3504956218707456,
            1.1462441718665453,
            0.9101784276310144,
            0.6344195263416081,
            0.3491565250869417,
            0.0,
            0.3291910423626298,
            0.6655513270419711,
            1.027563330997904,
            1.4116813020267813,
            1.7275092283384144,
            1.973149143023866,
            2.2041887773770137,
            2.3725708756896062,
            2.529633599892979,
            2.664215993286129,
            2.7690655810870553,
            2.8315480482270536,
            2.829892731587321,
            2.7925293427565294,
            2.7418353628991543,
            2.664816484249159,
            2.577838587013393,
            2.4663098369530836,
            2.3432672374909784,
            2.2589053049562073,
            2.2100872670623026,
            2.197428022948539,
            2.203764388393781,
            2.2134921410142234,
            2.2147882137534536,
            2.173680797683079,
            2.052800313690756,
            1.8985819950817766
        ],
        [
            1.963175669334163,
            1.8064694585693084,
            1.6552419608042368,
            1.4643878032567805,
            1.234413243706894,
            0.9615316271875415,
            0.6776666946737128,
            0.3291910423626298,
            0.0,
            0.33650825954840186,
            0.6989492328996053,
            1.0838867104375476,
            1.4010281534933455,
            1.6483471908058818,
            1.881796939938508,
            2.052637174451281,
            2.212794472790267,
            2.352002611779316,
            2.4650047151018777,
            2.5379824553260915,
            2.5470446692998374,
            2.5216170369510547,
            2.484480368828525,
            2.4275820457024957,
            2.363781882329616,
            2.2857660773111235,
            2.209139115542838,
            2.1743095530873457,
            2.174667272640779,
            2.2111616585744205,
            2.2687108726991507,
            2.3190144302489077,
            2.3582172409786333,
            2.350219968002781,
            2.2601582556652433,
            2.13207968653844
        ],
        [
            2.241033976125753,
            2.1063918839704177,
            1.9705906355458502,
            1.7908574103418509,
            1.5660998802669672,
            1.2958226996628703,
            1.0132981514243626,
            0.6655513270419711,
            0.33650825954840186,
            0.0,
            0.3627258673728289,
            0.7483466051988037,
            1.0667516536970145,
            1.3157848941872832,
            1.5517796222397344,
            1.7252637688082244,
            1.8887932955475981,
            2.03317513239052,
            2.1555413509593904,
            2.2407478435436103,
            2.2625467423821717,
            2.2515237114592987,
            2.2308566629363917,
            2.198462654698683,
            2.1628447021817694,
            2.125124303433691,
            2.102797984766111,
            2.1231803814623977,
            2.175500225564407,
            2.261121439002508,
            2.3676129901216396,
            2.4554978144883552,
            2.529178303280402,
            2.5512922365462116,
            2.489625835728272,
            2.385522705954601
        ],
        [
            2.546337276526255,
            2.432411644304498,
            2.311067861340528,
            2.141964310828995,
            1.922502622830995,
            1.6551035232698226,
            1.374222841539774,
            1.027563330997904,
            0.6989492328996053,
            0.3627258673728289,
            0.0,
            0.38603236904792093,
            0.7055692244123744,
            0.9563373260336968,
            1.1950675372231745,
            1.3714815523980748,
            1.5388253197229869,
            1.689283642948834,
            1.8230523419958928,
            1.9234141596624472,
            1.961365993199311,
            1.9689080505038212,
            1.96955159484727,
            1.9687677732162219,
            1.9691355859327868,
            1.981667637038399,
            2.0241687129093116,
            2.106456046045074,
            2.2136616933896365,
            2.348447039649962,
            2.5021862180359586,
            2.62564215358059,
            2.731733984699865,
            2.782430363420878,
            2.748237635899549,
            2.66737892969812
        ],
        [
            2.873793164143176,
            2.7795601787109594,
            2.672111325553876,
            2.513545901570477,
            2.299688805600954,
            2.03559546993084,
            1.75678087911817,
            1.4116813020267813,
            1.0838867104375476,
            0.7483466051988037,
            0.38603236904792093,
            0.0,
            0.3204839891173386,
            0.5730130556295026,
            0.8147322059832017,
            0.9944464235635795,
            1.1661745122964586,
            1.3239640550333707,
            1.4720677891788327,
            1.5917245665667141,
            1.6506797930585564,
            1.6826365606015496,
            1.7111518749234322,
            1.7510260673649165,
            1.796442106422817,
            1.8692120694886694,
            1.9846117832210999,
            2.131438558525565,
            2.29250181217536,
            2.4733047180838192,
            2.6702365435457613,
            2.82598997867377,
            2.961633263988689,
            3.0388879390399386,
            3.030875033516754,
            2.972342000204287
        ],
        [
            3.1392180152907634,
            3.0610532921467684,
            2.965298893678344,
            2.8160658359059165,
            2.607592103284088,
            2.3469811803314586,
            2.0705621052980727,
            1.7275092283384144,
            1.4010281534933455,
            1.0667516536970145,
            0.7055692244123744,
            0.3204839891173386,
            0.0,
            0.2534097272949161,
            0.49713164749386307,
            0.6792960366550231,
            0.8544779069785263,
            1.0186068557111654,
            1.1800162829353824,
            1.3180054621703927,
            1.3974786506769212,
            1.4535536369153343,
            1.5092969326214252,
            1.5878920973901667,
            1.6746736800853366,
            1.8000461132025303,
            1.9752025342044879,
            2.171650829875969,
            2.3724293542713766,
            2.586263814889032,
            2.8140948484139323,
            2.9931858538948775,
            3.1505494066872455,
            3.247899804494729,
            3.2603648916680896,
            3.2196163549001
        ],
        [
            3.340477688875922,
            3.2753969659848257,
            3.189445212900487,
            3.0483676555954258,
            2.844896511206869,
            2.587743602525899,
            2.3138614677451024,
            1.973149143023866,
            1.6483471908058818,
            1.3157848941872832,
            0.9563373260336968,
            0.5730130556295026,
            0.2534097272949161,
            0.0,
            0.2446661853373439,
            0.42831833387432383,
            0.6058462457038792,
            0.7749274500493745,
            0.9477041780635049,
            1.1017147669000877,
            1.1995691082691566,
            1.277353507594511,
            1.3571505570816589,
            1.4688749463480144,
            1.5896899894829875,
            1.7564053967816,
            1.9762984645103554,
            2.2083569530844054,
            2.43704067121736,
            2.6738460698509376,
            2.9233497817802054,
            3.1190943702479155,
            3.292280534217895,
            3.4047057526856923,
            3.4330253450155452,
            3.4063170592157315
        ],
        [
            3.522990499335484,
            3.4712326045600497,
            3.395522736059454,
            3.263265417757496,
            3.0654805772755727,
            2.8124714692889277,
            2.5417834984309744,
            2.2041887773770137,
            1.881796939938508,
            1.5517796222397344,
            1.1950675372231745,
            0.8147322059832017,
            0.49713164749386307,
            0.2446661853373439,
            0.0,
            0.18441190409509364,
            0.36357515164076826,
            0.5371080113438914,
            0.7214846949306037,
            0.8921854670685369,
            1.0096244249964081,
            1.1104991131813455,
            1.215204503435123,
            1.3599773729504292,
            1.5134436198273702,
            1.7183070613772367,
            1.978065490635477,
            2.241027980776297,
            2.4937299118836136,
            2.75028106699444,
            3.0186932470975245,
            3.2292735081102557,
            3.4168724352043434,
            3.5434378561283313,
            3.587090564836848,
            3.574230476686874
        ],
        [
            3.6505594707867783,
            3.6093664264274503,
            3.5419425525333423,
            3.4170103459538472,
            3.2241329677856174,
            2.974848499662804,
            2.707139235757649,
            2.3725708756896062,
            2.052637174451281,
            1.7252637688082244,
            1.3714815523980748,
            0.9944464235635795,
            0.6792960366550231,
            0.42831833387432383,
            0.18441190409509364,
            0.0,
            0.179853848358124,
            0.35651430973868176,
            0.5503399945842011,
            0.7345593053196208,
            0.8680629541863623,
            0.9876484537665103,
            1.111829672698845,
            1.2814078346632212,
            1.4585099613115904,
            1.6901458939278002,
            1.977240373728499,
            2.2610616604650327,
            2.5299587987094334,
            2.7998626716126442,
            3.081283243075638,
            3.302291055232263,
            3.5002413012571845,
            3.637243796078983,
            3.6925311102899965,
            3.69036392412262
        ],
        [
            3.7633958951560182,
            3.7330718747546747,
            3.674318705060696,
            3.5572201592476715,
            3.369762168354767,
            3.124731840543008,
            2.860527564408641,
            2.529633599892979,
            2.212794472790267,
            1.8887932955475981,
            1.5388253197229869,
            1.1661745122964586,
            0.8544779069785263,
            0.6058462457038792,
            0.36357515164076826,
            0.179853848358124,
            0.0,
            0.17959104864127684,
            0.38353974807834074,
            0.5814782827111943,
            0.7314763828694678,
            0.8699329375010824,
            1.012987403910849,
            1.2057031035739896,
            1.404251151396169,
            1.6597051673598215,
            1.970855533787287,
            2.2729146024793607,
            2.556038374801003,
            2.8377407832409696,
            3.130872907739712,
            3.3614735186027036,
            3.5691467821800082,
            3.7162067352357835,
            3.782992505765153,
            3.7915639224428124
        ],
        [
            3.8435444943801715,
            3.8255650243150243,
            3.7769424784380887,
            3.6693042647027068,
            3.4886832630993645,
            3.2492614195826133,
            2.989862262760991,
            2.664215993286129,
            2.352002611779316,
            2.03317513239052,
            1.689283642948834,
            1.3239640550333707,
            1.0186068557111654,
            0.7749274500493745,
            0.5371080113438914,
            0.35651430973868176,
            0.17959104864127684,
            0.0,
            0.21107903730201086,
            0.4194276453207384,
            0.5835633829580086,
            0.738628235805911,
            0.8980210079129477,
            1.1104795257962778,
            1.3272877962138416,
            1.603102958900233,
            1.9350659767934626,
            2.253072205865984,
            2.5488554431619748,
            2.8412155562089985,
            3.145235346950578,
            3.3850320176216595,
            3.6022995257324064,
            3.7596290749762677,
            3.8385697319412144,
            3.8587887038588473
        ],
        [
            3.870249718130777,
            3.8683798395309106,
            3.833398161809153,
            3.738964023814452,
            3.568361034786604,
            3.33757220334842,
            3.085895686789696,
            2.7690655810870553,
            2.4650047151018777,
            2.1555413509593904,
            1.8230523419958928,
            1.4720677891788327,
            1.1800162829353824,
            0.9477041780635049,
            0.7214846949306037,
            0.5503399945842011,
            0.38353974807834074,
            0.21107903730201086,
            0.0,
            0.21285394635845797,
            0.38711563225953927,
            0.5557652654062128,
            0.7288022880406081,
            0.9579701643843438,
            1.1906199499229915,
            1.484558216323883,
            1.8356248081750266,
            2.1685873784050136,
            2.476557263301832,
            2.779385871623655,
            3.0945077740701525,
            3.3440540473657525,
            3.571866494727173,
            3.7409699523392477,
            3.834452783009845,
            3.869059811530442
        ],
        [
            3.846775301746954,
            3.86129694451961,
            3.8404814806776106,
            3.7601165871631785,
            3.600631099013452,
            3.3798373370095867,
            3.1374257461871866,
            2.8315480482270536,
            2.5379824553260915,
            2.2407478435436103,
            1.9234141596624472,
            1.5917245665667141,
            1.3180054621703927,
            1.1017147669000877,
            0.8921854670685369,
            0.7345593053196208,
            0.5814782827111943,
            0.4194276453207384,
            0.21285394635845797,
            0.0,
            0.18112921316465566,
            0.35993397363258256,
            0.5427461359578981,
            0.7837498175234,
            1.0278487251046382,
            1.3351637618117531,
            1.700692511104021,
            2.0451065197721396,
            2.362601689972713,
            2.673726346557498,
            2.9979827748085754,
            3.255866373840227,
            3.493011296303749,
            3.6729630069997405,
            3.7803720738293616,
            3.8291102650986404
        ],
        [
            3.770147871185878,
            3.7976770145687384,
            3.7884194981546417,
            3.7198984277687837,
            3.5701879963940186,
            3.358568837629956,
            3.12497404103937,
            2.829892731587321,
            2.5470446692998374,
            2.2625467423821717,
            1.961365993199311,
            1.6506797930585564,
            1.3974786506769212,
            1.1995691082691566,
            1.0096244249964081,
            0.8680629541863623,
            0.7314763828694678,
            0.5835633829580086,
            0.38711563225953927,
            0.18112921316465566,
            0.0,
            0.1818988389345233,
            0.3681315444504389,
            0.6138150311263847,
            0.8630161293324401,
            1.1768068629254969,
            1.549847114404745,
            1.9004350131415777,
            2.223266985028008,
            2.539158212359645,
            2.868929387589388,
            3.1320934933413604,
            3.3754017033767103,
            3.562864585269092,
            3.6803752866096326,
            3.7397271481115615
        ],
        [
            3.6590226772277656,
            3.6983316924033796,
            3.699789219048131,
            3.6425371734278835,
            3.5024701499754576,
            3.300229165990239,
            3.075916538707261,
            2.7925293427565294,
            2.5216170369510547,
            2.2515237114592987,
            1.9689080505038212,
            1.6826365606015496,
            1.4535536369153343,
            1.277353507594511,
            1.1104991131813455,
            0.9876484537665103,
            0.8699329375010824,
            0.738628235805911,
            0.5557652654062128,
            0.35993397363258256,
            0.1818988389345233,
            0.0,
            0.1870328523217478,
            0.43444068274494246,
            0.6860553556241568,
            1.0033547175329394,
            1.3808763368500112,
            1.7353246241606453,
            2.0616364454674017,
            2.380717412835676,
            2.7143620149885925,
            2.981406912655918,
            3.2294248774268377,
            3.4228823591627178,
            3.5488097441999997,
            3.6173018885613453
        ],
        [
            3.5314534430112134,
            3.582323473073629,
            3.5944424116430658,
            3.548596272035803,
            3.418562107490438,
            3.2263490257032257,
            3.012181372760569,
            2.7418353628991543,
            2.484480368828525,
            2.2308566629363917,
            1.96955159484727,
            1.7111518749234322,
            1.5092969326214252,
            1.3571505570816589,
            1.215204503435123,
            1.111829672698845,
            1.012987403910849,
            0.8980210079129477,
            0.7288022880406081,
            0.5427461359578981,
            0.3681315444504389,
            0.1870328523217478,
            0.0,
            0.24813935515247743,
            0.501211133167436,
            0.8209096599399619,
            1.201725538478209,
            1.559077986258131,
            1.8880810938956498,
            2.2096644475507614,
            2.5464718397169728,
            2.816802539930615,
            3.0689295822972387,
            3.2677958556158866,
            3.4015661735207487,
            3.478769584777184
        ],
        [
            3.349290611796872,
            3.41500370055712,
            3.440995582638239,
            3.410251310178482,
            3.293892304639124,
            3.1157406374211116,
            2.916112520118093,
            2.664816484249159,
            2.4275820457024957,
            2.198462654698683,
            1.9687677732162219,
            1.7510260673649165,
            1.5878920973901667,
            1.4688749463480144,
            1.3599773729504292,
            1.2814078346632212,
            1.2057031035739896,
            1.1104795257962778,
            0.9579701643843438,
            0.7837498175234,
            0.6138150311263847,
            0.43444068274494246,
            0.24813935515247743,
            0.0,
            0.2540210242693405,
            0.575700688686365,
            0.9595417017769642,
            1.3196273746395095,
            1.6512555405466238,
            1.975319794631207,
            2.3154279775143225,
            2.5893408181422872,
            2.8461058379737025,
            3.051315562661421,
            3.1946231175755515,
            3.2826843236485566
        ],
        [
            3.1505362714037344,
            3.2309291734047414,
            3.270859032325245,
            3.2555906782105084,
            3.1537038370759976,
            2.990891450822675,
            2.8074848961150747,
            2.577838587013393,
            2.363781882329616,
            2.1628447021817694,
            1.9691355859327868,
            1.796442106422817,
            1.6746736800853366,
            1.5896899894829875,
            1.5134436198273702,
            1.4585099613115904,
            1.404251151396169,
            1.3272877962138416,
            1.1906199499229915,
            1.0278487251046382,
            0.8630161293324401,
            0.6860553556241568,
            0.501211133167436,
            0.2540210242693405,
            0.0,
            0.3225224214860273,
            0.7081305923575038,
            1.069924312712769,
            1.4033139389625755,
            1.7290964207312223,
            2.071676132501426,
            2.3484412344698122,
            2.6090791917782394,
            2.819861099342452,
            2.971953741599715,
            3.070350761518044
        ],
        [
            2.8877344776303144,
            2.9866149177343613,
            3.0443523035006543,
            3.0492408484469675,
            2.966835989732745,
            2.825301275789136,
            2.6648613290183323,
            2.4663098369530836,
            2.2857660773111235,
            2.125124303433691,
            1.981667637038399,
            1.8692120694886694,
            1.8000461132025303,
            1.7564053967816,
            1.7183070613772367,
            1.6901458939278002,
            1.6597051673598215,
            1.603102958900233,
            1.484558216323883,
            1.3351637618117531,
            1.1768068629254969,
            1.0033547175329394,
            0.8209096599399619,
            0.575700688686365,
            0.3225224214860273,
            0.0,
            0.38661141557980544,
            0.7495413302654204,
            1.084275137793504,
            1.4114389541399746,
            1.7562438598128314,
            2.035794111628781,
            2.3004492012786963,
            2.5173794640957343,
            2.6797293544958367,
            2.7906569385269537
        ],
        [
            2.564567812377916,
            2.6862067913435457,
            2.766139434207462,
            2.796638494554617,
            2.73989175775546,
            2.6272475818976555,
            2.498539512082266,
            2.3432672374909784,
            2.209139115542838,
            2.102797984766111,
            2.0241687129093116,
            1.9846117832210999,
            1.9752025342044879,
            1.9762984645103554,
            1.978065490635477,
            1.977240373728499,
            1.970855533787287,
            1.9350659767934626,
            1.8356248081750266,
            1.700692511104021,
            1.549847114404745,
            1.3808763368500112,
            1.201725538478209,
            0.9595417017769642,
            0.7081305923575038,
            0.38661141557980544,
            0.0,
            0.3633122490289054,
            0.6987683976112774,
            1.02678622293403,
            1.3732876510908383,
            1.6552687436140014,
            1.9237758647834435,
            2.1471487518767978,
            2.3211011488957043,
            2.4468860927631333
        ],
        [
            2.2643958449133956,
            2.4097794372501395,
            2.512821780581178,
            2.5702246367245833,
            2.5411939029905946,
            2.460384387895147,
            2.3667813286034867,
            2.2589053049562073,
            2.1743095530873457,
            2.1231803814623977,
            2.106456046045074,
            2.131438558525565,
            2.171650829875969,
            2.2083569530844054,
            2.241027980776297,
            2.2610616604650327,
            2.2729146024793607,
            2.253072205865984,
            2.1685873784050136,
            2.0451065197721396,
            1.9004350131415777,
            1.7353246241606453,
            1.559077986258131,
            1.3196273746395095,
            1.069924312712769,
            0.7495413302654204,
            0.3633122490289054,
            0.0,
            0.3358039825925613,
            0.6643000426639846,
            1.0120554162373283,
            1.296082248046296,
            1.5680843902102284,
            1.7977192731713205,
            1.9835719584415294,
            2.12495311962273
        ],
        [
            1.9918414204958261,
            2.161538985296888,
            2.2880699697986695,
            2.3729636420495246,
            2.372924868662538,
            2.3258122454474703,
            2.269150556624308,
            2.2100872670623026,
            2.174667272640779,
            2.175500225564407,
            2.2136616933896365,
            2.29250181217536,
            2.3724293542713766,
            2.43704067121736,
            2.4937299118836136,
            2.5299587987094334,
            2.556038374801003,
            2.5488554431619748,
            2.476557263301832,
            2.362601689972713,
            2.223266985028008,
            2.0616364454674017,
            1.8880810938956498,
            1.6512555405466238,
            1.4033139389625755,
            1.084275137793504,
            0.6987683976112774,
            0.3358039825925613,
            0.0,
            0.32864205380269523,
            0.6772050456869905,
            0.9628902407026833,
            1.2380313031712797,
            1.4737654581786581,
            1.6718813238607206,
            1.8296220047930776
        ],
        [
            1.7370203947219374,
            1.9335504224630289,
            2.0855325260250677,
            2.20017743166934,
            2.232050048147246,
            2.2220743984091573,
            2.2054027610640667,
            2.197428022948539,
            2.2111616585744205,
            2.261121439002508,
            2.348447039649962,
            2.4733047180838192,
            2.586263814889032,
            2.6738460698509376,
            2.75028106699444,
            2.7998626716126442,
            2.8377407832409696,
            2.8412155562089985,
            2.779385871623655,
            2.673726346557498,
            2.539158212359645,
            2.380717412835676,
            2.2096644475507614,
            1.975319794631207,
            1.7290964207312223,
            1.4114389541399746,
            1.02678622293403,
            0.6643000426639846,
            0.32864205380269523,
            0.0,
            0.3493681815810824,
            0.6368857063520059,
            0.9155870785251299,
            1.1585135358205914,
            1.3713884801605603,
            1.548533046911052
        ],
        [
            1.4725683992663863,
            1.6991577852046431,
            1.879289124974162,
            2.027091609613048,
            2.095434309102101,
            2.1279959157130945,
            2.156250472550408,
            2.203764388393781,
            2.2687108726991507,
            2.3676129901216396,
            2.5021862180359586,
            2.6702365435457613,
            2.8140948484139323,
            2.9233497817802054,
            3.0186932470975245,
            3.081283243075638,
            3.130872907739712,
            3.145235346950578,
            3.0945077740701525,
            2.9979827748085754,
            2.868929387589388,
            2.7143620149885925,
            2.5464718397169728,
            2.3154279775143225,
            2.071676132501426,
            1.7562438598128314,
            1.3732876510908383,
            1.0120554162373283,
            0.6772050456869905,
            0.3493681815810824,
            0.0,
            0.28883912906466513,
            0.5708990011593655,
            0.821831967834326,
            1.0525329418228953,
            1.2531453135812427
        ],
        [
            1.256354323173043,
            1.5075409865034393,
            1.7105802299364474,
            1.885849133765489,
            1.9853911102452904,
            2.054459262656708,
            2.1205710162234648,
            2.2134921410142234,
            2.3190144302489077,
            2.4554978144883552,
            2.62564215358059,
            2.82598997867377,
            2.9931858538948775,
            3.1190943702479155,
            3.2292735081102557,
            3.302291055232263,
            3.3614735186027036,
            3.3850320176216595,
            3.3440540473657525,
            3.255866373840227,
            3.1320934933413604,
            2.981406912655918,
            2.816802539930615,
            2.5893408181422872,
            2.3484412344698122,
            2.035794111628781,
            1.6552687436140014,
            1.296082248046296,
            0.9628902407026833,
            0.6368857063520059,
            0.28883912906466513,
            0.0,
            0.2838594951758012,
            0.5411917404360098,
            0.7881403119114903,
            1.0099961055382916
        ],
        [
            1.0424569580687548,
            1.315597834039009,
            1.5393769208823163,
            1.7404120172371496,
            1.8705081531287955,
            1.9755954874136856,
            2.07856747934298,
            2.2147882137534536,
            2.3582172409786333,
            2.529178303280402,
            2.731733984699865,
            2.961633263988689,
            3.1505494066872455,
            3.292280534217895,
            3.4168724352043434,
            3.5002413012571845,
            3.5691467821800082,
            3.6022995257324064,
            3.571866494727173,
            3.493011296303749,
            3.3754017033767103,
            3.2294248774268377,
            3.0689295822972387,
            2.8461058379737025,
            2.6090791917782394,
            2.3004492012786963,
            1.9237758647834435,
            1.5680843902102284,
            1.2380313031712797,
            0.9155870785251299,
            0.5708990011593655,
            0.2838594951758012,
            0.0,
            0.26285209234396195,
            0.526897345535787,
            0.7702631766309836
        ],
        [
            0.8244511253551886,
            1.1122779736068624,
            1.3510248749095923,
            1.572214583703076,
            1.7280762615652097,
            1.8644457674541566,
            1.9996355638484133,
            2.173680797683079,
            2.350219968002781,
            2.5512922365462116,
            2.782430363420878,
            3.0388879390399386,
            3.247899804494729,
            3.4047057526856923,
            3.5434378561283313,
            3.637243796078983,
            3.7162067352357835,
            3.7596290749762677,
            3.7409699523392477,
            3.6729630069997405,
            3.562864585269092,
            3.4228823591627178,
            3.2677958556158866,
            3.051315562661421,
            2.819861099342452,
            2.5173794640957343,
            2.1471487518767978,
            1.7977192731713205,
            1.4737654581786581,
            1.1585135358205914,
            0.821831967834326,
            0.5411917404360098,
            0.26285209234396195,
            0.0,
            0.2755536434546523,
            0.5340795254171966
        ],
        [
            0.5628803560213832,
            0.8578987821657387,
            1.1055917681343208,
            1.3408550593263477,
            1.5172284061573333,
            1.6803729170381525,
            1.8442356382024652,
            2.052800313690756,
            2.2601582556652433,
            2.489625835728272,
            2.748237635899549,
            3.030875033516754,
            3.2603648916680896,
            3.4330253450155452,
            3.587090564836848,
            3.6925311102899965,
            3.782992505765153,
            3.8385697319412144,
            3.834452783009845,
            3.7803720738293616,
            3.6803752866096326,
            3.5488097441999997,
            3.4015661735207487,
            3.1946231175755515,
            2.971953741599715,
            2.6797293544958367,
            2.3211011488957043,
            1.9835719584415294,
            1.6718813238607206,
            1.3713884801605603,
            1.0525329418228953,
            0.7881403119114903,
