{
    "silhouette": [
        [
            0.0,
            0.29322516695257034,
            0.5349618488288312,
            0.7641608331046702,
            0.9481937611080671,
            1.1300280590405518,
            1.3216864625470022,
            1.5732608816472193,
            1.8310092281082357,
            2.115893796017268,
            2.430411433145387,
            2.7709964303473362,
            3.056471911382665,
            3.278204503638079,
            3.478722361564323,
            3.6206860728351575,
            3.747081047464134,
            3.837451248146902,
            3.874428815255507,
            3.8599629313746155,
            3.787965670878862,
            3.6745985122287843,
            3.5427034886609174,
            3.3530558335846687,
            3.1429878845773778,
            2.8720393527592414,
            2.547798428159391,
            2.2514002331380203,
            1.984853494529548,
            1.7412226117491099,
            1.4931518084518145,
            1.2883382077186027,
            1.0773742409088218,
            0.8517707335784908,
            0.5776190028841959,
            0.3071276414132957
        ],
        [
            0.29322516695257034,
            0.0,
            0.24421706044891564,
            0.48122186827828733,
            0.6831154651060563,
            0.8916821102730144,
            1.1122498586578344,
            1.3973809563434425,
            1.682860359671564,
            1.990745593475651,
            2.3261739459959796,
            2.685544820659181,
            2.985958942037995,
            3.220023913452549,
            3.4334076188547904,
            3.585347512657305,
            3.7217144255418027,
            3.8235011956252642,
            3.875616688068819,
            3.8773339975820873,
            3.8187602507031917,
            3.7180504487144037,
            3.598869614297178,
            3.4260331318699793,
            3.232691235923045,
            2.9818523789656455,
            2.6814577052201782,
            2.4101135998015475,
            2.1687394238947184,
            1.9512999370901645,
            1.7307096606686807,
            1.5465455413205778,
            1.3525493679187859,
            1.1378165723607565,
            0.8687557535901799,
            0.6000579260382126
        ],
        [
            0.5349618488288312,
            0.24421706044891564,
            0.0,
            0.24204497095197736,
            0.4593105428130901,
            0.690331016457172,
            0.933340604751518,
            1.2428647069681937,
            1.5475320535931687,
            1.870656079937153,
            2.2198741797671833,
            2.5916715847880405,
            2.902267118264258,
            3.145053955789939,
            3.3678682542767335,
            3.527269733081816,
            3.6712251089420227,
            3.781995485242719,
            3.84643131952941,
            3.8615950461738358,
            3.8144713179037546,
            3.7248014117904265,
            3.6168427934022622,
            3.4590021399673927,
            3.2807968564698093,
            3.0484168029097063,
            2.770151186462982,
            2.521913908130826,
            2.3035790443581443,
            2.109799778889936,
            1.9139261000998025,
            1.7485560219040284,
            1.5706151458433453,
            1.3672837294314104,
            1.1049678229128528,
            0.8398842807634153
        ],
        [
            0.7641608331046702,
            0.48122186827828733,
            0.24204497095197736,
            0.0,
            0.22921974733763933,
            0.47778329473494097,
            0.7372350987701178,
            1.0640744562194746,
            1.3821126820015806,
            1.7155529664897904,
            2.074303894228321,
            2.4548882353216834,
            2.773067222702821,
            3.022702167833795,
            3.2532704418714347,
            3.418968832738851,
            3.5694682780449716,
            3.6882815467377728,
            3.7641659674029753,
            3.792147142808604,
            3.756266287114364,
            3.6777118249739598,
            3.5812350698745217,
            3.438982516739541,
            3.276827264518448,
            3.0644229652553947,
            2.8105781103183958,
            2.5880423868330626,
            2.3955396473673902,
            2.228448900718529,
            2.0609403720527473,
            1.9178581034597708,
            1.7599939039702983,
            1.5723367533183261,
            1.320987743827194,
            1.0631944472533175
        ],
        [
            0.9481937611080671,
            0.6831154651060563,
            0.4593105428130901,
            0.22921974733763933,
            0.0,
            0.25395892938621073,
            0.5195281909539774,
            0.8535646789685166,
            1.1775201587651947,
            1.5155370018590322,
            1.8788070660434917,
            2.26379225028308,
            2.5861042160773646,
            2.8397608322376873,
            3.0751740940946397,
            3.2449598466810867,
            3.3998436368067226,
            3.524306613611521,
            3.608642406504694,
            3.6464858706927004,
            3.6196404119176533,
            3.550358390431202,
            3.463740688686463,
            3.335288777420961,
            3.1878564924099617,
            2.9944691274724122,
            2.764804973028184,
            2.568498146384068,
            2.4031304701047045,
            2.2648105401248566,
            2.12898295452111,
            2.0119658176945276,
            1.8789738731506256,
            1.7124846920496593,
            1.4782014298535882,
            1.2337393007023598
        ],
        [
            1.1300280590405518,
            0.8916821102730144,
            0.690331016457172,
            0.47778329473494097,
            0.25395892938621073,
            0.0,
            0.2672242218060637,
            0.6040644658889635,
            0.930673610579658,
            1.2707701057743415,
            1.636311153400801,
            2.023674346808549,
            2.3484526935590786,
            2.604711243725919,
            2.8434710198235797,
            3.0162005950952726,
            3.1743528818474136,
            3.3032360950904134,
            3.394537650120428,
            3.4408917050436822,
            3.422206513635429,
            3.3616281276778963,
            3.2845514775307003,
            3.1698825430485975,
            3.0376737064333144,
            2.8646442022683978,
            2.6617726747129424,
            2.4951863129244716,
            2.3610787280209338,
            2.25619051600904,
            2.1575629055758547,
            2.0716000048138707,
            1.9688456472496016,
            1.829132675565753,
            1.6183011911560463,
            1.3937244700226814
        ],
        [
            1.3216864625470022,
            1.1122498586578344,
            0.933340604751518,
            0.7372350987701178,
            0.5195281909539774,
            0.2672242218060637,
            0.0,
            0.3378207383772903,
            0.6656270805387814,
            1.006659384349468,
            1.3733853699331364,
            1.762101738194203,
            2.0884467930456565,
            2.346500889244799,
            2.5877255900729934,
            2.762714986218862,
            2.923460932688163,
            3.0560146043421286,
            3.1533887157128695,
            3.2074793822942596,
            3.1965168607455174,
            3.144455681597541,
            3.0769574338818764,
            2.9764782332884643,
            2.8603653414077526,
            2.709404247307482,
            2.536206972103308,
            2.402754614723077,
            2.3034479536633214,
            2.2353705739132352,
            2.17723028567355,
            2.1248078733945532,
            2.054661659811938,
            1.9442652160380947,
            1.7603317078211134,
            1.559292056659831
        ],
        [
            1.5732608816472193,
            1.3973809563434425,
            1.2428647069681937,
            1.0640744562194746,
            0.8535646789685166,
            0.6040644658889635,
            0.3378207383772903,
            0.0,
            0.3282636849035051,
            0.6696687552472694,
            1.0370530000152998,
            1.4266402273523124,
            1.7541621660204247,
            2.0137203182682857,
            2.257191076006061,
            2.434352159532603,
            2.59769300172983,
            2.7341142025013414,
            2.8382467143004835,
            2.901349176983759,
            2.8997675923174127,
            2.858411628633699,
            2.8032576321536697,
            2.721496765343429,
            2.6271187418094244,
            2.5065490923299194,
            2.374730331346512,
            2.287161873572155,
            2.235244588887453,
            2.2159601662891393,
            2.210076557130464,
            2.2000928916061775,
            2.1707432540878377,
            2.0972120474217606,
            1.948067353351919,
            1.7776410984769369
        ],
        [
            1.8310092281082357,
            1.682860359671564,
            1.5475320535931687,
            1.3821126820015806,
            1.1775201587651947,
            0.930673610579658,
            0.6656270805387814,
            0.3282636849035051,
            0.0,
            0.34145042131163705,
            0.709066525277275,
            1.0990774926435767,
            1.4273209785867573,
            1.6879434880984296,
            1.933171629417014,
            2.112131951616051,
            2.2777087397643765,
            2.417634145217571,
            2.528209981474014,
            2.60024401128094,
            2.608298577125117,
            2.5782594824609966,
            2.5364063384077995,
            2.475133553740263,
            2.404884277787808,
            2.3183238169359135,
            2.232626737773151,
            2.1948268851105315,
            2.1924707408596684,
            2.222020430058828,
            2.2664052817993867,
            2.296103636594215,
            2.3042615508186834,
            2.2645843011388016,
            2.147863973284853,
            2.005699746149618
        ],
        [
            2.115893796017268,
            1.990745593475651,
            1.870656079937153,
            1.7155529664897904,
            1.5155370018590322,
            1.2707701057743415,
            1.006659384349468,
            0.6696687552472694,
            0.34145042131163705,
            0.0,
            0.36784604148497896,
            0.7582759217738511,
            1.0873047990534428,
            1.3491393865721975,
            1.596419494983579,
            1.7774856902967624,
            1.9456852422088493,
            2.089805244595305,
            2.2082422705818376,
            2.291264055225187,
            2.3113398315511025,
            2.295590272701662,
            2.2705939102530532,
            2.235254109706772,
            2.1954149660531708,
            2.1511704603450283,
            2.121202573935354,
            2.140435210504272,
            2.1917642158912365,
            2.271302584449228,
            2.3648449492364274,
            2.432191539748955,
            2.475315777830777,
            2.467065368387001,
            2.380590813860505,
            2.2643253371272167
        ],
        [
            2.430411433145387,
            2.3261739459959796,
            2.2198741797671833,
            2.074303894228321,
            1.8788070660434917,
            1.636311153400801,
            1.3733853699331364,
            1.0370530000152998,
            0.709066525277275,
            0.36784604148497896,
            0.0,
            0.39062351914351895,
            0.7202724316179845,
            0.9832689850307654,
            1.232721687654984,
            1.4160981795045224,
            1.587238747512137,
            1.7362753427678945,
            1.864304621614178,
            1.9610262086924608,
            1.9964535392401723,
            1.9992793089882128,
            1.9962970033791132,
            1.9946851077971757,
            1.9939766603294102,
            2.002915033837545,
            2.0399570390257686,
            2.1233375692387226,
            2.231444317153002,
            2.361088610338512,
            2.502173908957289,
            2.6052954926089855,
            2.6814638274978586,
            2.703099693185694,
            2.6457392042147005,
            2.5542136765632213
        ],
        [
            2.7709964303473362,
            2.685544820659181,
            2.5916715847880405,
            2.4548882353216834,
            2.26379225028308,
            2.023674346808549,
            1.762101738194203,
            1.4266402273523124,
            1.0990774926435767,
            0.7582759217738511,
            0.39062351914351895,
            0.0,
            0.3302182896762872,
            0.5945284149110727,
            0.8466199051993827,
            1.0328021402474525,
            1.2075250048628006,
            1.3628215487168822,
            1.5034793305599858,
            1.6183662895192774,
            1.6744539799168936,
            1.7024808799626692,
            1.7290820562860874,
            1.7717549969584412,
            1.8207627548638006,
            1.894097672805218,
            2.006872541348131,
            2.1569509867315086,
            2.320407962986748,
            2.496603968128281,
            2.6807755701522042,
            2.8161115751700643,
            2.922138908529876,
            2.971130817569972,
            2.940836591511287,
            2.872235132728453
        ],
        [
            3.056471911382665,
            2.985958942037995,
            2.902267118264258,
            2.773067222702821,
            2.5861042160773646,
            2.3484526935590786,
            2.0884467930456565,
            1.7541621660204247,
            1.4273209785867573,
            1.0873047990534428,
            0.7202724316179845,
            0.3302182896762872,
            0.0,
            0.26511654942149,
            0.5193325819829966,
            0.7078571264915652,
            0.8856617359224827,
            1.0468523543746582,
            1.200146577843708,
            1.3335027965950277,
            1.411019467808856,
            1.4653528228772723,
            1.522291554228451,
            1.60879907372611,
            1.7048415544932907,
            1.8357247440048745,
            2.0116459825043886,
            2.2134920106273643,
            2.418046390401985,
            2.6279026547854536,
            2.843109557238626,
            3.0019026668128213,
            3.1300354043009317,
            3.1997611825728627,
            3.190497031538751,
            3.139884796590559
        ],
        [
            3.278204503638079,
            3.220023913452549,
            3.145053955789939,
            3.022702167833795,
            2.8397608322376873,
            2.604711243725919,
            2.346500889244799,
            2.0137203182682857,
            1.6879434880984296,
            1.3491393865721975,
            0.9832689850307654,
            0.5945284149110727,
            0.26511654942149,
            0.0,
            0.2553828608097303,
            0.44538030688323316,
            0.6253084551689467,
            0.791264921235929,
            0.9557718227725336,
            1.1059189572921533,
            1.2033535142163316,
            1.2822070253963738,
            1.366742442154957,
            1.491518860142518,
            1.626781292267448,
            1.8033429278146782,
            2.0269174644630428,
            2.266097556333544,
            2.499709957084265,
            2.733203395796707,
            2.9704406941905623,
            3.1462276445810935,
            3.2907401285734372,
            3.3762533292814996,
            3.3834578362390673,
            3.3471777043637285
        ],
        [
            3.478722361564323,
            3.4334076188547904,
            3.3678682542767335,
            3.2532704418714347,
            3.0751740940946397,
            2.8434710198235797,
            2.5877255900729934,
            2.257191076006061,
            1.933171629417014,
            1.596419494983579,
            1.232721687654984,
            0.8466199051993827,
            0.5193325819829966,
            0.2553828608097303,
            0.0,
            0.1905848940188703,
            0.3717632787695011,
            0.5417003410337846,
            0.7173281172047999,
            0.884844852029134,
            1.0034598300367155,
            1.108396177272433,
            1.22140532475949,
            1.383956326529642,
            1.5563424856402126,
            1.7745411089470684,
            2.04018643562686,
            2.311489453352301,
            2.5700003772129185,
            2.8238323287959846,
            3.0803836902135338,
            3.2714533490560602,
            3.431079512955791,
            3.531592613455946,
            3.554919398635953,
            3.5329635947888294
        ],
        [
            3.6206860728351575,
            3.585347512657305,
            3.527269733081816,
            3.418968832738851,
            3.2449598466810867,
            3.0162005950952726,
            2.762714986218862,
            2.434352159532603,
            2.112131951616051,
            1.7774856902967624,
            1.4160981795045224,
            1.0328021402474525,
            0.7078571264915652,
            0.44538030688323316,
            0.1905848940188703,
            0.0,
            0.18170802812246503,
            0.3546417476220451,
            0.5398947695940625,
            0.7221487986003174,
            0.8586633115856693,
            0.9851288082091225,
            1.1205149287786402,
            1.3111871171621166,
            1.5100672500866432,
            1.7570537725250837,
            2.0511284499105753,
            2.343748536474548,
            2.618787032069902,
            2.886196430025577,
            3.155877316571565,
            3.3575784067093575,
            3.5279530459316457,
            3.6393953611199854,
            3.674749081293349,
            3.6636341564083508
        ],
        [
            3.747081047464134,
            3.7217144255418027,
            3.6712251089420227,
            3.5694682780449716,
            3.3998436368067226,
            3.1743528818474136,
            2.923460932688163,
            2.59769300172983,
            2.2777087397643765,
            1.9456852422088493,
            1.587238747512137,
            1.2075250048628006,
            0.8856617359224827,
            0.6253084551689467,
            0.3717632787695011,
            0.18170802812246503,
            0.0,
            0.17614433456797363,
            0.37240355008226805,
            0.5700956258426849,
            0.7251437276637538,
            0.8732179779407658,
            1.0298953566172977,
            1.2460513828311222,
            1.4682535391364422,
            1.740164469415721,
            2.0586508001648247,
            2.3694388295332116,
            2.6586563805097523,
            2.937819454318812,
            3.2190906558885612,
            3.430394237138659,
            3.6106835601260463,
            3.7324360619183268,
            3.7793823435299947,
            3.778859862891432
        ],
        [
            3.837451248146902,
            3.8235011956252642,
            3.781995485242719,
            3.6882815467377728,
            3.524306613611521,
            3.3032360950904134,
            3.0560146043421286,
            2.7341142025013414,
            2.417634145217571,
            2.089805244595305,
            1.7362753427678945,
            1.3628215487168822,
            1.0468523543746582,
            0.791264921235929,
            0.5417003410337846,
            0.3546417476220451,
            0.17614433456797363,
            0.0,
            0.20387762458195738,
            0.4129670910720327,
            0.5833112235340622,
            0.7496697246438587,
            0.9239853091776312,
            1.1609084619159016,
            1.402227249370863,
            1.6948657612658458,
            2.034057094432481,
            2.360450995257051,
            2.662119111887774,
            2.9518194430745917,
            3.243810972638981,
            3.4643010836637473,
            3.6543742741607264,
            3.786643809686139,
            3.8458224534422745,
            3.8567851727351345
        ],
        [
            3.874428815255507,
            3.875616688068819,
            3.84643131952941,
            3.7641659674029753,
            3.608642406504694,
            3.394537650120428,
            3.1533887157128695,
            2.8382467143004835,
            2.528209981474014,
            2.2082422705818376,
            1.864304621614178,
            1.5034793305599858,
            1.200146577843708,
            0.9557718227725336,
            0.7173281172047999,
            0.5398947695940625,
            0.37240355008226805,
            0.20387762458195738,
            0.0,
            0.21388995872575398,
            0.3947696914232501,
            0.5755762064691244,
            0.764107547073662,
            1.0180019801194553,
            1.2755379712085602,
            1.5864630624821425,
            1.944645290161332,
            2.2856752976274626,
            2.5993774663149645,
            2.899534350127234,
            3.202585853096493,
            3.432953143721811,
            3.63394760004652,
            3.7784337637132337,
            3.85241009642235,
            3.8777229972249363
        ],
        [
            3.8599629313746155,
            3.8773339975820873,
            3.8615950461738358,
            3.792147142808604,
            3.6464858706927004,
            3.4408917050436822,
            3.2074793822942596,
            2.901349176983759,
            2.60024401128094,
            2.291264055225187,
            1.9610262086924608,
            1.6183662895192774,
            1.3335027965950277,
            1.1059189572921533,
            0.884844852029134,
            0.7221487986003174,
            0.5700956258426849,
            0.4129670910720327,
            0.21388995872575398,
            0.0,
            0.18791895141250411,
            0.37960330563306144,
            0.5783952983629725,
            0.8444101724329477,
            1.1139903927366788,
            1.4390178144460175,
            1.812329115879803,
            2.1651241933916223,
            2.4887324439057505,
            2.7976740134830456,
            3.110370680513526,
            3.349701990329117,
            3.560956880624878,
            3.717339380508576,
            3.806233460629423,
            3.846359213948616
        ],
        [
            3.787965670878862,
            3.8187602507031917,
            3.8144713179037546,
            3.756266287114364,
            3.6196404119176533,
            3.422206513635429,
            3.1965168607455174,
            2.8997675923174127,
            2.608298577125117,
            2.3113398315511025,
            1.9964535392401723,
            1.6744539799168936,
            1.411019467808856,
            1.2033535142163316,
            1.0034598300367155,
            0.8586633115856693,
            0.7251437276637538,
            0.5833112235340622,
            0.3947696914232501,
            0.18791895141250411,
            0.0,
            0.1951817907300083,
            0.3976673730469647,
            0.668559629746693,
            0.9437319050083073,
            1.2759844312242785,
            1.6576330639538182,
            2.0171093785021563,
            2.3465695320311406,
            2.6608643207200413,
            2.9797279894375746,
            3.225076091910812,
            3.4435124298763107,
            3.6085882616454397,
            3.708860043439365,
            3.7606572155011566
        ],
        [
            3.6745985122287843,
            3.7180504487144037,
            3.7248014117904265,
            3.6777118249739598,
            3.550358390431202,
            3.3616281276778963,
            3.144455681597541,
            2.858411628633699,
            2.5782594824609966,
            2.295590272701662,
            1.9992793089882128,
            1.7024808799626692,
            1.4653528228772723,
            1.2822070253963738,
            1.108396177272433,
            0.9851288082091225,
            0.8732179779407658,
            0.7496697246438587,
            0.5755762064691244,
            0.37960330563306144,
            0.1951817907300083,
            0.0,
            0.2033122468267913,
            0.47593541262752453,
            0.7537804755218938,
            1.0900915269909446,
            1.4769318290369446,
            1.8407434432179648,
            2.174171475315307,
            2.4922168056692713,
            2.8156141356124547,
            3.0655992727711388,
            3.289798275988304,
            3.4621441716896877,
            3.5723300743045723,
            3.6346241925467875
        ],
        [
            3.5427034886609174,
            3.598869614297178,
            3.6168427934022622,
            3.5812350698745217,
            3.463740688686463,
            3.2845514775307003,
            3.0769574338818764,
            2.8032576321536697,
            2.5364063384077995,
            2.2705939102530532,
            1.9962970033791132,
            1.7290820562860874,
            1.522291554228451,
            1.366742442154957,
            1.22140532475949,
            1.1205149287786402,
            1.0298953566172977,
            0.9239853091776312,
            0.764107547073662,
            0.5783952983629725,
            0.3976673730469647,
            0.2033122468267913,
            0.0,
            0.27333702946478156,
            0.5528577780654106,
            0.8921037363957687,
            1.282964185125636,
            1.650163854037107,
            1.9867760670487649,
            2.307889482092227,
            2.6351378928231437,
            2.8892087825252695,
            3.1186387097991126,
            3.2977845207481975,
            3.417513379969734,
            3.490109348750372
        ],
        [
            3.3530558335846687,
            3.4260331318699793,
            3.4590021399673927,
            3.438982516739541,
            3.335288777420961,
            3.1698825430485975,
            2.9764782332884643,
            2.721496765343429,
            2.475133553740263,
            2.235254109706772,
            1.9946851077971757,
            1.7717549969584412,
            1.60879907372611,
            1.491518860142518,
            1.383956326529642,
            1.3111871171621166,
            1.2460513828311222,
            1.1609084619159016,
            1.0180019801194553,
            0.8444101724329477,
            0.668559629746693,
            0.47593541262752453,
            0.27333702946478156,
            0.0,
            0.28079423369541845,
            0.6227929385718014,
            1.0177107276868327,
            1.3882991689897288,
            1.7281989231498507,
            2.052548726437239,
            2.3840557537735094,
            2.6428440133143574,
            2.8785177217889455,
            3.0660503953127543,
            3.197915230447922,
            3.2838680311048742
        ],
        [
            3.1429878845773778,
            3.232691235923045,
            3.2807968564698093,
            3.276827264518448,
            3.1878564924099617,
            3.0376737064333144,
            2.8603653414077526,
            2.6271187418094244,
            2.404884277787808,
            2.1954149660531708,
            1.9939766603294102,
            1.8207627548638006,
            1.7048415544932907,
            1.626781292267448,
            1.5563424856402126,
            1.5100672500866432,
            1.4682535391364422,
            1.402227249370863,
            1.2755379712085602,
            1.1139903927366788,
            0.9437319050083073,
            0.7537804755218938,
            0.5528577780654106,
            0.28079423369541845,
            0.0,
            0.34326258321971975,
            0.7406323697287074,
            1.113311322584419,
            1.4554079214940958,
            1.7820258940952194,
            2.116762847257438,
            2.3793742108927805,
            2.6203692567133916,
            2.8154041820535562,
            2.9586244233297005,
            3.0574538433712752
        ],
        [
            2.8720393527592414,
            2.9818523789656455,
            3.0484168029097063,
            3.0644229652553947,
            2.9944691274724122,
            2.8646442022683978,
            2.709404247307482,
            2.5065490923299194,
            2.3183238169359135,
            2.1511704603450283,
            2.002915033837545,
            1.894097672805218,
            1.8357247440048745,
            1.8033429278146782,
            1.7745411089470684,
            1.7570537725250837,
            1.740164469415721,
            1.6948657612658458,
            1.5864630624821425,
            1.4390178144460175,
            1.2759844312242785,
            1.0900915269909446,
            0.8921037363957687,
            0.6227929385718014,
            0.34326258321971975,
            0.0,
            0.39864575245696066,
            0.7725177659202862,
            1.1161209880102831,
            1.4444380521265523,
            1.7819034851930873,
            2.048058149926876,
            2.2943357131757804,
            2.4973067423518747,
            2.6532453832442964,
            2.7670375777586633
        ],
        [
            2.547798428159391,
            2.6814577052201782,
            2.770151186462982,
            2.8105781103183958,
            2.764804973028184,
            2.6617726747129424,
            2.536206972103308,
            2.374730331346512,
            2.232626737773151,
            2.121202573935354,
            2.0399570390257686,
            2.006872541348131,
            2.0116459825043886,
            2.0269174644630428,
            2.04018643562686,
            2.0511284499105753,
            2.0586508001648247,
            2.034057094432481,
            1.944645290161332,
            1.812329115879803,
            1.6576330639538182,
            1.4769318290369446,
            1.282964185125636,
            1.0177107276868327,
            0.7406323697287074,
            0.39864575245696066,
            0.0,
            0.37416213596198306,
            0.7184638560217397,
            1.0477704108376187,
            1.3872175411275016,
            1.6563710985439701,
            1.9076162757833888,
            2.1187417443551646,
            2.2887429393936527,
            2.419795484973123
        ],
        [
            2.2514002331380203,
            2.4101135998015475,
            2.521913908130826,
            2.5880423868330626,
            2.568498146384068,
            2.4951863129244716,
            2.402754614723077,
            2.287161873572155,
            2.1948268851105315,
            2.140435210504272,
            2.1233375692387226,
            2.1569509867315086,
            2.2134920106273643,
            2.266097556333544,
            2.311489453352301,
            2.343748536474548,
            2.3694388295332116,
            2.360450995257051,
            2.2856752976274626,
            2.1651241933916223,
            2.0171093785021563,
            1.8407434432179648,
            1.650163854037107,
            1.3882991689897288,
            1.113311322584419,
            0.7725177659202862,
            0.37416213596198306,
            0.0,
            0.3447264152616626,
            0.6747343170611001,
            1.0158825247203254,
            1.2878787945299628,
            1.5440932497608364,
            1.7637348855273463,
            1.948892948942276,
            2.0986483158963014
        ],
        [
            1.984853494529548,
            2.1687394238947184,
            2.3035790443581443,
            2.3955396473673902,
            2.4031304701047045,
            2.3610787280209338,
            2.3034479536633214,
            2.235244588887453,
            2.1924707408596684,
            2.1917642158912365,
            2.231444317153002,
            2.320407962986748,
            2.418046390401985,
            2.499709957084265,
            2.5700003772129185,
            2.618787032069902,
            2.6586563805097523,
            2.662119111887774,
            2.5993774663149645,
            2.4887324439057505,
            2.3465695320311406,
            2.174171475315307,
            1.9867760670487649,
            1.7281989231498507,
            1.4554079214940958,
            1.1161209880102831,
            0.7184638560217397,
            0.3447264152616626,
            0.0,
            0.3302827615934843,
            0.6726229083013289,
            0.9470623656597786,
            1.2079556484660778,
            1.436132665698698,
            1.6371087377013112,
            1.8064639910454936
        ],
        [
            1.7412226117491099,
            1.9512999370901645,
            2.109799778889936,
            2.228448900718529,
            2.2648105401248566,
            2.25619051600904,
            2.2353705739132352,
            2.2159601662891393,
            2.222020430058828,
            2.271302584449228,
            2.361088610338512,
            2.496603968128281,
            2.6279026547854536,
            2.733203395796707,
            2.8238323287959846,
            2.886196430025577,
            2.937819454318812,
            2.9518194430745917,
            2.899534350127234,
            2.7976740134830456,
            2.6608643207200413,
            2.4922168056692713,
            2.307889482092227,
            2.052548726437239,
            1.7820258940952194,
            1.4444380521265523,
            1.0477704108376187,
            0.6747343170611001,
            0.3302827615934843,
            0.0,
            0.3433697807737023,
            0.6203502545985107,
            0.8863616383944098,
            1.1242104891382028,
            1.34339828957056,
            1.5348436204729574
        ],
        [
            1.4931518084518145,
            1.7307096606686807,
            1.9139261000998025,
            2.0609403720527473,
            2.12898295452111,
            2.1575629055758547,
            2.17723028567355,
            2.210076557130464,
            2.2664052817993867,
            2.3648449492364274,
            2.502173908957289,
            2.6807755701522042,
            2.843109557238626,
            2.9704406941905623,
            3.0803836902135338,
            3.155877316571565,
            3.2190906558885612,
            3.243810972638981,
            3.202585853096493,
            3.110370680513526,
            2.9797279894375746,
            2.8156141356124547,
            2.6351378928231437,
            2.3840557537735094,
            2.116762847257438,
            1.7819034851930873,
            1.3872175411275016,
            1.0158825247203254,
            0.6726229083013289,
            0.3433697807737023,
            0.0,
            0.2789381393797191,
            0.5499688616625134,
            0.7985175197392106,
            1.0389674895970675,
            1.2557471680746808
        ],
        [
            1.2883382077186027,
            1.5465455413205778,
            1.7485560219040284,
            1.9178581034597708,
            2.0119658176945276,
            2.0716000048138707,
            2.1248078733945532,
            2.2000928916061775,
            2.296103636594215,
            2.432191539748955,
            2.6052954926089855,
            2.8161115751700643,
            3.0019026668128213,
            3.1462276445810935,
            3.2714533490560602,
            3.3575784067093575,
            3.430394237138659,
            3.4643010836637473,
            3.432953143721811,
            3.349701990329117,
            3.225076091910812,
            3.0655992727711388,
            2.8892087825252695,
            2.6428440133143574,
            2.3793742108927805,
            2.048058149926876,
            1.6563710985439701,
            1.2878787945299628,
            0.9470623656597786,
            0.6203502545985107,
            0.2789381393797191,
            0.0,
            0.2737106865082342,
            0.5302793747026193,
            0.7885497830766176,
            1.026216292938584
        ],
        [
            1.0773742409088218,
            1.3525493679187859,
            1.5706151458433453,
            1.7599939039702983,
            1.8789738731506256,
            1.9688456472496016,
            2.054661659811938,
            2.1707432540878377,
            2.3042615508186834,
            2.475315777830777,
            2.6814638274978586,
            2.922138908529876,
            3.1300354043009317,
            3.2907401285734372,
            3.431079512955791,
            3.5279530459316457,
            3.6106835601260463,
            3.6543742741607264,
            3.63394760004652,
            3.560956880624878,
            3.4435124298763107,
            3.289798275988304,
            3.1186387097991126,
            2.8785177217889455,
            2.6203692567133916,
            2.2943357131757804,
            1.9076162757833888,
            1.5440932497608364,
            1.2079556484660778,
            0.8863616383944098,
            0.5499688616625134,
            0.2737106865082342,
            0.0,
            0.26249045044889874,
            0.5372061010937129,
            0.7936789272255964
        ],
        [
            0.8517707335784908,
            1.1378165723607565,
            1.3672837294314104,
            1.5723367533183261,
            1.7124846920496593,
            1.829132675565753,
            1.9442652160380947,
            2.0972120474217606,
            2.2645843011388016,
            2.467065368387001,
            2.703099693185694,
            2.971130817569972,
            3.1997611825728627,
            3.3762533292814996,
            3.531592613455946,
            3.6393953611199854,
            3.7324360619183268,
            3.786643809686139,
            3.7784337637132337,
            3.717339380508576,
            3.6085882616454397,
            3.4621441716896877,
            3.2977845207481975,
            3.0660503953127543,
            2.8154041820535562,
            2.4973067423518747,
            2.1187417443551646,
            1.7637348855273463,
            1.436132665698698,
            1.1242104891382028,
            0.7985175197392106,
            0.5302793747026193,
            0.26249045044889874,
            0.0,
            0.2848447562319094,
            0.5535949572847741
        ],
        [
            0.5776190028841959,
            0.8687557535901799,
            1.1049678229128528,
            1.320987743827194,
            1.4782014298535882,
            1.6183011911560463,
            1.7603317078211134,
            1.948067353351919,
            2.147863973284853,
            2.380590813860505,
            2.6457392042147005,
            2.940836591511287,
            3.190497031538751,
            3.3834578362390673,
            3.554919398635953,
            3.674749081293349,
            3.7793823435299947,
            3.8458224534422745,
            3.85241009642235,
            3.806233460629423,
            3.708860043439365,
            3.5723300743045723,
            3.417513379969734,
            3.197915230447922,
            2.9586244233297005,
            2.6532453832442964,
            2.2887429393936527,
            1.948892948942276,
            1.6371087377013112,
            1.34339828957056,
            1.0389674895970675,
